plan

{

floor	LION_wagon_laager_underlay.CAS 	LION_wagon_laager_overlay.CAS
		
wagonC,	35.03,	-14.98,	-165.75,	0
wagonB,	-98.56,	-50.77,	15.75,	0
wagonC,	-96.56,	-56.78,	21.00,	0
wagonA,	-94.03,	-62.59,	26.25,	0
wagonC,	-90.97,	-68.13,	31.50,	0
wagonA,	-87.41,	-73.38,	36.75,	0
wagonB,	-83.39,	-78.28,	42.00,	0
wagonB,	-78.94,	-82.78,	47.25,	0
wagonC,	-74.10,	-86.87,	52.50,	0
wagonA,	-68.90,	-90.49,	57.75,	0
wagonA,	-63.40,	-93.62,	63.00,	0
wagonB,	-57.63,	-96.23,	68.25,	0
wagonC,	-51.64,	-98.31,	73.50,	0
wagonB,	-45.49,	-99.83,	78.75,	0
wagonC,	-14.10,	-98.80,	105.00,	0
wagonA,	-8.06,	-96.88,	110.25,	0
wagonA,	-2.23,	-94.42,	115.50,	0
wagonB,	3.36,	-91.43,	120.75,	0
wagonC,	8.65,	-87.95,	126.00,	0
wagonB,	13.60,	-84.00,	131.25,	0
wagonA,	18.17,	-79.61,	136.50,	0
wagonC,	22.31,	-74.82,	141.75,	0
wagonC,	26.00,	-69.67,	147.00,	0
wagonC,	29.20,	-64.20,	152.25,	0
wagonB,	31.89,	-58.47,	157.50,	0
wagonB,	34.05,	-52.51,	162.75,	0
wagonA,	35.65,	-46.38,	168.00,	0
wagonC,	-100.00,	-44.60,	10.50,	0
wagonB,	33.19,	-8.91,	-160.50,	0
wagonC,	30.81,	-3.05,	-155.25,	0
wagonB,	27.89,	2.58,	-150.00,	0
wagonA,	24.48,	7.91,	-144.75,	0
wagonC,	20.59,	12.91,	-139.50,	0
wagonA,	16.26,	17.54,	-134.25,	0
wagonB,	11.52,	21.75,	-129.00,	0
wagonC,	6.42,	25.50,	-123.75,	0
wagonC,	1.00,	28.78,	-118.50,	0
wagonB,	-4.70,	31.54,	-113.25,	0
wagonB,	-10.63,	33.77,	-108.00,	0
wagonA,	-16.74,	35.45,	-102.75,	0
wagonC,	-48.14,	35.25,	-76.50,	0
wagonA,	-54.23,	33.49,	-71.25,	0
wagonB,	-60.13,	31.18,	-66.00,	0
wagonA,	-65.79,	28.34,	-60.75,	0
wagonB,	-71.17,	24.99,	-55.50,	0
wagonC,	-76.22,	21.17,	-50.25,	0
wagonA,	-80.90,	16.90,	-45.00,	0
wagonB,	-85.17,	12.22,	-39.75,	0
wagonA,	-88.99,	7.17,	-34.50,	0
wagonB,	-92.34,	1.79,	-29.25,	0
wagonB,	-95.18,	-3.87,	-24.00,	0
wagonA,	-97.49,	-9.77,	-18.75,	0
wagonC,	-99.25,	-15.86,	-13.50,	0



	}