plan

	{
	
target rectangle 	x 64 z -48 rot 0 width 32 height 32
floor		roman_village_underlay.cas	roman_village_overlay.cas
ground_types	roman_village_ground.tga -416 -416 416 416
street_plan 	roman_village_pathfinding.cas
borders		roman_village_limits.CAS


stove,	-89.74,	-22.88,	0.00,	0.00
stove,	100.95,	-33.73,	0.00,	0.00
stove,	12.68,	-17.64,	0.00,	0.00
stove,	45.29,	52.22,	0.00,	0.00
stove,	91.35,	24.56,	0.00,	0.00
stove,	115.96,	-104.73,	0.00,	0
stove,	18.03,	-143.06,	0.00,	0.00

pile_of_logs,	-111.45,	1.11,	0.00,	0
pile_of_logs,	39.41,	5.05,	0.00,	-0.00
pile_of_logs,	40.68,	-74.52,	0.00,	-0.00

granary,	24.52,	-6.45,	5.00,	0.00
granary,	127.40,	50.26,	-90.00,	0.00
granary,	127.40,	-128.71,	-80.00,	0.00

bush_A,	-2.53,	-71.71,	0.00,	0.00
bush_A,	-37.58,	-74.08,	0.00,	0.00
bush_A,	-37.30,	10.00,	0.00,	0.00
bush_A,	34.06,	40.33,	0.00,	0.00
bush_A,	138.67,	31.04,	0.00,	0.00
bush_A,	138.67,	-41.20,	0.00,	0.00
bush_A,	146.29,	-120.75,	0.00,	0.00
bush_A,	136.05,	-186.78,	0.00,	0.00

village_well,	-10.86,	-73.81,	0.00,	0.00

farmhouse_thatched_A,	-114.58,	-83.42,	170.00,	0.00
farmhouse_thatched_A,	-13.21,	-83.20,	170.00,	0.00
farmhouse_thatched_A,	123.20,	-87.22,	-90.00,	0.00
farmhouse_thatched_A,	133.30,	4.93,	-90.00,	0.00
farmhouse_thatched_A,	23.64,	39.22,	80.00,	0.00
farmhouse_thatched_A,	33.67,	57.02,	80.00,	0.00
farmhouse_thatched_A,	-113.00,	-8.15,	5.00,	0.00
farmhouse_thatched_A,	24.24,	-132.86,	80.00,	0.00
farmhouse_thatched_A,	10.83,	-184.07,	80.00,	0.00


farmhouse_thatched_round,	-81.72,	-82.52,	170.00,	0.00
farmhouse_thatched_round,	11.62,	-81.47,	170.00,	0.00
farmhouse_thatched_round,	34.87,	-83.91,	170.00,	0.00
farmhouse_thatched_round,	34.83,	-104.60,	100.00,	0.00

roman_hut,	-35.51,	-84.60,	180.00,	0.00
roman_hut,	18.86,	-150.30,	80.00,	0.00
roman_hut,	-64.39,	-2.97,	0.00,	0.00
roman_hut,	-19.98,	-2.97,	0.00,	0.00
roman_hut,	129.27,	-35.81,	-90.00,	0.00
roman_hut,	129.27,	23.95,	-90.00,	0.00
roman_hut,	123.82,	-189.26,	-90.00,	0.00

cart_B,	-13.75,	-23.49,	-120.00,	-0.03
cart_B,	18.93,	-74.76,	-45.00,	-0.03

tree_A,	123.38,	-152.37,	40.00,	0.00
tree_A,	15.71,	-169.21,	20.00,	0.00
tree_A,	-81.50,	-96.24,	40.00,	0.00
tree_A,	139.57,	-83.19,	125.00,	0.00
tree_A,	91.23,	-201.25,	100.00,	0.00
tree_A,	11.06,	-103.90,	120.00,	0.00
tree_A,	115.68,	63.73,	25.00,	0.00

tree_B,	-71.45,	-83.60,	15.00,	0.00
tree_B,	4.24,	4.03,	55.00,	0.00
tree_B,	-74.59,	6.53,	55.00,	0.00
tree_B,	103.18,	-100.23,	100.00,	0.00
tree_B,	142.02,	-146.23,	100.00,	0.00
tree_B,	-1.23,	19.49,	100.00,	1.00

tree_C,	20.90,	-81.31,	-180.00,	0.00
tree_C,	-4.75,	-84.61,	-180.00,	0.00
tree_C,	-22.50,	-73.48,	-180.00,	0.00
tree_C,	-114.28,	-22.79,	-180.00,	0.00
tree_C,	155.67,	-107.80,	-180.00,	0.00
tree_C,	37.45,	-124.50,	-180.00,	0.00
tree_C,	101.42,	65.56,	-180.00,	0.00
tree_C,	-104.04,	-79.60,	-180.00,	0.00
tree_C,	-129.04,	8.99,	-180.00,	0.00
tree_C,	-79.77,	18.39,	-180.00,	0.00
tree_C,	4.48,	-161.08,	-180.00,	0.00
tree_C,	-94.03,	-93.72,	-180.00,	0.00
tree_C,	42.79,	-202.82,	-180.00,	0.00

tree_E,	135.74,	-174.20,	80.00,	0.00
tree_E,	135.23,	-157.15,	0.00,	0.00
tree_E,	-119.80,	-80.41,	0.00,	0.00
tree_E,	-25.33,	-18.72,	0.00,	0.00
tree_E,	141.58,	-54.68,	-170.00,	0.00
tree_E,	22.89,	-123.51,	160.00,	0.00
tree_E,	-134.06,	-74.60,	80.00,	0.00
tree_E,	54.98,	85.03,	115.00,	0.00
tree_E,	153.86,	10.31,	155.00,	0.00
tree_E,	15.93,	57.86,	155.00,	0.00
tree_E,	-37.80,	-102.41,	155.00,	0.00
tree_E,	1.26,	43.50,	155.00,	2.00
tree_E,	29.00,	-210.15,	95.00,	0.00

tree_F,	-66.03,	-21.15,	140.00,	0.00
tree_F,	125.01,	-214.08,	60.00,	0.00
tree_F,	160.54,	-62.79,	115.00,	0.00
tree_F,	124.30,	79.20,	140.00,	0.00
tree_F,	138.52,	-18.22,	140.00,	0.00

roman_village_fences,	0.00,	0.00,	0.00,	0.00




	}